nan,NC_004162.2,NC_006273.2,NC_002549.1,NC_007605.1,NC_026438.1,NC_002204.1,NC_003977.2,NC_009823.1,NC_001434.1,NC_001802,NC_027779.1,NC_001806.2,NC_001798.2,NC_019843.3,NC_001803.1,NC_045512.2,NC_001348.1,NC_001542,NC_004291,NC_001355,NC_001541,NC_003663,NC_002645,NC_039210,NC_001489,NC_005222,NC_006574,NC_006447,NC_009942,NC_038307,NC_002058,NC_001617,NC_001608,NC_001498,NC_001474,NC_001544,NC_012777,NC_001477,NC_001475,NC_002640,NC_044949,NC_001545,NC_038989,NC_001796,NC_001449,NC_001405,NC_001722,NC_005831,NC_006551,NC_003690,NC_012735,NC_001612,NC_001927,NC_004108,NC_001543,NC_011704,NC_044045,NC_001526,NC_001472,NC_003215,NC_001669,NC_006213,NC_003899,NC_002728,NC_003908,NC_003687,NC_001460,NC_030795,NC_001731,NC_001490,NC_005079,NC_038308,NC_006310,NC_003468,NC_013060,NC_005217,NC_010956,NC_001430,NC_011507,NC_024781,NC_038311,NC_003443,NC_001906,NC_003417,NC_001357,NC_005336,NC_074971,NC_021928,NC_039192,NC_000858,NC_009448,NC_038319,NC_011202,NC_038861,NC_003461,NC_011203,NC_001716,NC_030922,NC_001611,NC_063383.1
NC_004162.2,1,0.382304156,0.382093317,0.357256847,0.399253731,0.385446009,0.374846948,0.417200501,0.380434783,0.425504766,0.37687117,0.36620388,0.358662756,0.354271575,0.399348461,0.369330052,0.370104848,0.424568966,0.388478976,0.393910711,0.407851603,0.364560605,0.371556147,0.403367159,0.37964333,0.378235695,0.383566067,0.408686171,0.436183395,0.397192066,0.395612343,0.379541109,0.383553361,0.413581272,0.426145313,0.62009823,0.378716243,0.432960508,0.431141917,0.423850179,0.362695925,0.412103117,0.395543393,0.406044973,0.553839232,0.384125259,0.429417989,0.374069604,0.427476775,0.427594694,0.42556701,0.388135726,0.393375944,0.378284139,0.385931709,0.387357042,0.398483173,0.399662189,0.398455285,0.628234549,0.382554793,0.384728939,0.565324753,0.392740119,0.561179213,0.431951438,0.37732142,0.39835587,0.360043559,0.391564762,0.380736176,0.397515024,0.364352536,0.373583004,0.368209421,0.368981289,0.359246741,0.386463224,0.357001371,0.381055962,0.378558931,0.405358926,0.391865687,0.615251844,0.396372655,0.367107873,0.370534724,0.390842664,0.382319274,0.40816172,0.405317164,0.383669533,0.3629472,0.37350824,0.411066749,0.353047651,0.35826981,0.38960014,0.383086068,0.379141227
NC_006273.2,0.382304156,1,0.387241602,0.403987679,0.346582223,0.356725146,0.361289288,0.374461085,0.388933505,0.398536127,0.370698884,0.389853148,0.39178836,0.379309669,0.381601496,0.379210291,0.355191698,0.358484809,0.394394035,0.398533198,0.364241528,0.383110556,0.380257719,0.374448195,0.358764318,0.387378466,0.376544614,0.356172563,0.374443014,0.346747019,0.376042684,0.396213484,0.38080505,0.373664985,0.371278368,0.386693347,0.370281426,0.385972603,0.373318736,0.383176565,0.382450598,0.378732237,0.367522544,0.373534026,0.373821435,0.369726936,0.355820173,0.376592231,0.373992982,0.385414492,0.360849861,0.361299811,0.384523095,0.396842105,0.353476595,0.356763384,0.365986967,0.369904891,0.382452548,0.390322746,0.383103258,0.367872714,0.369966753,0.395585797,0.370110753,0.390344311,0.357573799,0.388022181,0.424817661,0.386528832,0.383217656,0.380121514,0.385234899,0.386195996,0.362337662,0.389379733,0.371988813,0.37786431,0.341638981,0.392362624,0.365187713,0.370957401,0.393439837,0.36768442,0.362216288,0.390387138,0.379803396,0.380420661,0.396537042,0.395112706,0.387433806,0.39621127,0.379460915,0.371339297,0.370079587,0.364272537,0.365943591,0.385286999,0.373553329,0.377953556
NC_002549.1,0.382093317,0.387241602,1,0.351356479,0.378977821,0.363135593,0.372562206,0.358662614,0.35292816,0.367159409,0.391033624,0.353067002,0.345774176,0.398452794,0.43427401,0.394376262,0.365760361,0.392735528,0.377743581,0.380021104,0.37100472,0.379344617,0.409136412,0.375585238,0.376455369,0.384797297,0.399967601,0.363120361,0.383385417,0.382419234,0.39139902,0.376379024,0.490339831,0.426592675,0.386833457,0.382441282,0.386583198,0.394014414,0.384836752,0.385472129,0.372295715,0.340935383,0.395951598,0.432966438,0.383611097,0.347903948,0.377855888,0.397217518,0.380054728,0.378071237,0.380286738,0.373045146,0.399531342,0.402379941,0.370095745,0.36491893,0.373653984,0.376787679,0.379121692,0.382361794,0.381424802,0.39765615,0.395746915,0.439170507,0.381032106,0.380345047,0.380272512,0.371610738,0.35251943,0.376896062,0.376951229,0.393969927,0.376737005,0.39232337,0.390482001,0.394778068,0.351321124,0.386220979,0.352941176,0.490080475,0.388299532,0.428686291,0.440272177,0.384045182,0.373913043,0.368332134,0.394709484,0.439796716,0.381569907,0.364617691,0.375470825,0.38995288,0.378847975,0.401302973,0.435449664,0.36412551,0.368753259,0.384064685,0.389291757,0.370665246
NC_007605.1,0.357256847,0.403987679,0.351356479,1,0.38323058,0.364556962,0.361633182,0.369978509,0.361275173,0.366347811,0.36058426,0.419068514,0.420817132,0.358876776,0.354969211,0.347786905,0.380603594,0.365785938,0.363193224,0.387292098,0.348656339,0.360591603,0.355754354,0.380506156,0.34888919,0.360966482,0.363894553,0.387656868,0.38279846,0.36575762,0.359994436,0.3656859,0.364359378,0.375503203,0.38516129,0.359656155,0.383436583,0.382229628,0.367131089,0.366208368,0.382432626,0.376068845,0.367400703,0.357890195,0.381857686,0.389256443,0.377360574,0.347276038,0.372675947,0.414880641,0.374746656,0.361547594,0.382104671,0.365336068,0.397344064,0.383498146,0.368315985,0.346432733,0.37238901,0.380829896,0.390838651,0.362069282,0.373399749,0.367150208,0.383331688,0.384386888,0.363016739,0.345812687,0.423857607,0.36035388,0.363027806,0.371682728,0.37072922,0.360655738,0.348983617,0.349269792,0.392830759,0.364103306,0.378619154,0.37007087,0.357934397,0.384621241,0.362565879,0.381425465,0.332580262,0.416435209,0.396635197,0.349625113,0.348703391,0.358312236,0.359966358,0.354031187,0.357946797,0.349635967,0.361148481,0.35797427,0.372114591,0.376570458,0.367354393,0.366417518
NC_026438.1,0.399253731,0.346582223,0.378977821,0.38323058,1,0.443766938,0.393145723,0.370662838,0.352941176,0.360687433,0.370046083,0.370398578,0.347682898,0.388393993,0.381236572,0.409211223,0.369030733,0.398929391,0.383265208,0.413954771,0.370770677,0.39246779,0.357659286,0.380571705,0.378309336,0.347159787,0.37895245,0.411566536,0.364742314,0.404361534,0.404375804,0.383558341,0.346976553,0.369530719,0.379633975,0.397797131,0.376513317,0.387417219,0.386458079,0.360050622,0.368044332,0.371885157,0.39883809,0.354928971,0.370328681,0.367247387,0.410836402,0.389366273,0.411874334,0.381137579,0.371170377,0.388301794,0.368134856,0.392330383,0.40915357,0.389463319,0.398872084,0.417104495,0.41487069,0.384150761,0.386960833,0.361634506,0.390799031,0.389905987,0.356693426,0.365341166,0.384483182,0.389356436,0.367491166,0.412004345,0.389839163,0.377281022,0.434423284,0.354210306,0.373519164,0.381702728,0.400673401,0.385201573,0.422776007,0.406711409,0.369584636,0.364841373,0.351705491,0.365887208,0.379676563,0.387583035,0.394869082,0.397773279,0.377497621,0.351725704,0.392356688,0.382051892,0.377296279,0.382600336,0.392684785,0.377872542,0.358322468,0.404669261,0.383845778,0.383030303
NC_002204.1,0.385446009,0.356725146,0.363135593,0.364556962,0.443766938,1,0.392129884,0.355106622,0.354628737,0.405405405,0.407104523,0.353580714,0.364374524,0.404170804,0.390801887,0.401666667,0.361253055,0.375561545,0.366824441,0.396914789,0.372530792,0.386476707,0.39162503,0.378995434,0.386471145,0.39031272,0.395741557,0.412824011,0.376566125,0.39453125,0.384774609,0.375817731,0.383614788,0.380240856,0.387778027,0.383018868,0.354926057,0.404062653,0.3861678,0.376248613,0.388205247,0.344198175,0.399901985,0.39319823,0.369613017,0.382567727,0.39010989,0.375723882,0.368018018,0.36948613,0.377931651,0.372669395,0.374717833,0.376300317,0.382068966,0.387526779,0.386472275,0.399750312,0.399854157,0.381065089,0.392534475,0.381443299,0.374664879,0.375388027,0.384882108,0.382567727,0.356964137,0.396983702,0.354364541,0.415478615,0.393300248,0.380727763,0.447498238,0.383593034,0.354892206,0.388811835,0.377435651,0.390047393,0.430717863,0.404870991,0.401182033,0.387219838,0.4023994,0.333398629,0.4243236,0.374271845,0.375633349,0.371222076,0.386358434,0.360520905,0.403798101,0.383359782,0.35810378,0.381872556,0.345111896,0.391261172,0.387140593,0.394202899,0.394996392,0.401755241
NC_003977.2,0.374846948,0.361289288,0.372562206,0.361633182,0.393145723,0.392129884,1,0.364304376,0.381532779,0.385038922,0.380187658,0.374591652,0.37176259,0.363353069,0.380722426,0.401577833,0.338760269,0.370533446,0.348968991,0.372469636,0.354715175,0.396900397,0.360383802,0.398882682,0.407384988,0.389467808,0.384698665,0.431959751,0.369055824,0.380461377,0.383824298,0.360380241,0.361376358,0.372171564,0.37553495,0.377086628,0.377221188,0.371296455,0.364149974,0.358740812,0.368771871,0.376638177,0.407591074,0.376230405,0.357627666,0.360241357,0.386613576,0.391533396,0.37737139,0.373451327,0.358148568,0.398760331,0.360851506,0.360403488,0.373721881,0.388103011,0.364727153,0.402560455,0.378602305,0.351957122,0.383425414,0.375897436,0.381229663,0.358049432,0.389920912,0.377610107,0.377218185,0.361548346,0.388835969,0.390304183,0.370556673,0.37359353,0.39115148,0.367450516,0.350393701,0.372378517,0.399394856,0.370345745,0.414610547,0.38164755,0.338702325,0.363242883,0.385771911,0.379878578,0.390618993,0.403720562,0.399212451,0.382865529,0.372317597,0.381391147,0.400115252,0.370145221,0.38056042,0.383531157,0.37074041,0.359232614,0.361609388,0.353401469,0.354581024,0.395131451
NC_009823.1,0.417200501,0.374461085,0.358662614,0.369978509,0.370662838,0.355106622,0.364304376,1,0.424051821,0.407038895,0.39302579,0.378190119,0.371849959,0.357245416,0.362842575,0.356118891,0.379924287,0.412443552,0.392894462,0.392533147,0.409599295,0.35404157,0.361647072,0.426455026,0.398807886,0.378609228,0.404731574,0.36357996,0.41651799,0.410699663,0.406224628,0.401126813,0.355470724,0.380892332,0.413606994,0.413112392,0.401966189,0.412274096,0.411542814,0.407143927,0.373029046,0.43051553,0.417269399,0.372617208,0.417906008,0.369119287,0.402541083,0.361257816,0.420425404,0.427963202,0.410748846,0.423805914,0.387152778,0.38247843,0.409397786,0.409521233,0.406595365,0.38913439,0.414564273,0.419397599,0.378891761,0.364963504,0.411802853,0.35516929,0.423397507,0.417165968,0.349304879,0.410364515,0.383236721,0.40306549,0.395761324,0.408514999,0.361300076,0.387999617,0.387240213,0.377415514,0.38781566,0.410346097,0.356628121,0.352773906,0.385461546,0.371089536,0.358585859,0.418962485,0.388232271,0.373229421,0.359815141,0.369379482,0.392580992,0.411543185,0.405097425,0.395215482,0.373553624,0.375691952,0.362810164,0.363720981,0.37436556,0.397248495,0.364648616,0.355188707
NC_001434.1,0.380434783,0.388933505,0.35292816,0.361275173,0.352941176,0.354628737,0.381532779,0.424051821,1,0.378040944,0.386631854,0.376194481,0.387505071,0.362080715,0.348730172,0.338430245,0.362634909,0.384089182,0.398581246,0.391893258,0.400081111,0.376738526,0.367654201,0.422634658,0.395055289,0.390777778,0.399233472,0.347130903,0.385573172,0.412845975,0.415639609,0.386046023,0.344349602,0.346159179,0.371990336,0.381945008,0.408978362,0.377711044,0.373149226,0.386367634,0.3619019,0.405321951,0.411066789,0.347005416,0.384093113,0.373624717,0.368822582,0.357332689,0.392497713,0.388982197,0.392970402,0.415764906,0.370010787,0.370193835,0.424541309,0.414473684,0.424542358,0.385393486,0.412431173,0.381222533,0.381298509,0.348733343,0.382886149,0.363473881,0.381029068,0.385400971,0.346444781,0.409202204,0.381908765,0.394123283,0.406323435,0.406650429,0.338088088,0.378939277,0.39688196,0.383161134,0.37340661,0.407583942,0.332296204,0.364106776,0.388358779,0.35859808,0.37920541,0.380630631,0.385423101,0.374374905,0.375198534,0.365187713,0.392200557,0.407021861,0.399245583,0.413555675,0.354070058,0.352103321,0.356829599,0.344737372,0.376369391,0.404231626,0.358323353,0.354704944
NC_001802,0.425504766,0.398536127,0.367159409,0.366347811,0.360687433,0.405405405,0.385038922,0.407038895,0.378040944,1,0.42173095,0.346442639,0.335340999,0.35394101,0.398276532,0.390102625,0.349149318,0.414199899,0.42013449,0.426904849,0.411146067,0.373464951,0.367181709,0.4084904,0.414779057,0.425965339,0.41638322,0.347649123,0.423455272,0.421952824,0.419754236,0.421452302,0.372303207,0.380943706,0.429369327,0.417224017,0.405105749,0.429817049,0.434816733,0.430466175,0.374560829,0.365849777,0.417536534,0.403933828,0.411155022,0.355251774,0.543775464,0.368107128,0.416280659,0.416179637,0.4299585,0.415066333,0.414540816,0.438073394,0.413864362,0.411594473,0.414191877,0.420735052,0.422937738,0.408537491,0.372271201,0.369144872,0.414224393,0.383091467,0.414088707,0.414886232,0.363916467,0.418138987,0.345545284,0.424157575,0.418441758,0.425088735,0.414123279,0.417972304,0.410060089,0.409254749,0.396470261,0.417826006,0.40690151,0.378115102,0.420866743,0.397372952,0.377288949,0.415136041,0.426179744,0.347244846,0.40106822,0.38445746,0.411968006,0.405186249,0.425201851,0.42084187,0.368777614,0.37135696,0.384046201,0.359051798,0.36494172,0.413285601,0.385675442,0.37180236
NC_027779.1,0.37687117,0.370698884,0.391033624,0.36058426,0.370046083,0.407104523,0.380187658,0.39302579,0.386631854,0.42173095,1,0.343043099,0.353601658,0.38585209,0.388663652,0.36657553,0.371113483,0.400938735,0.439986589,0.483382369,0.482665222,0.370942704,0.395228135,0.411063233,0.44677901,0.453887677,0.431152448,0.378395654,0.396690744,0.421074771,0.42864638,0.432587307,0.39629045,0.408105072,0.406298803,0.393621416,0.434411893,0.404569213,0.39979859,0.400589474,0.376224784,0.336461355,0.435153406,0.398009554,0.393708528,0.344523567,0.407087295,0.367359887,0.401579535,0.384425111,0.398038553,0.416110184,0.374265884,0.454454787,0.422046414,0.419456728,0.42596285,0.495365006,0.424296702,0.374603678,0.41774398,0.376952699,0.396868339,0.40566968,0.387581491,0.390849562,0.347473161,0.478115926,0.360361765,0.438078828,0.436685491,0.445982191,0.378769001,0.43380535,0.435796793,0.447272312,0.41432321,0.438243171,0.398869669,0.39699402,0.43961039,0.399824673,0.388821293,0.390197849,0.487056253,0.355432243,0.409924623,0.403437396,0.445939729,0.390730972,0.423711755,0.447790295,0.365487439,0.370050905,0.385777312,0.411487236,0.403526807,0.428761062,0.387338173,0.372206853
NC_001806.2,0.36620388,0.389853148,0.353067002,0.419068514,0.370398578,0.353580714,0.374591652,0.378190119,0.376194481,0.346442639,0.343043099,1,0.734905632,0.346234015,0.323923887,0.336706099,0.380753138,0.36322521,0.365611193,0.339341031,0.355533927,0.317887877,0.33092565,0.379117464,0.354412002,0.364851773,0.371125193,0.382053149,0.377072477,0.359153344,0.376369014,0.347498175,0.350612838,0.369178662,0.361332407,0.379361279,0.357125457,0.375253778,0.361639824,0.350070721,0.351228728,0.388309672,0.387418584,0.327421085,0.37398374,0.384503166,0.358519099,0.318881256,0.367205773,0.380677301,0.364033932,0.352646279,0.366091954,0.34760816,0.382843984,0.369262865,0.380809595,0.340750018,0.375967742,0.377932848,0.367425122,0.326607152,0.349107266,0.327859407,0.379794053,0.383338757,0.349469464,0.365193208,0.432694827,0.353916614,0.34939947,0.34903575,0.376328217,0.345026603,0.363336992,0.353848914,0.375066202,0.373971453,0.345286703,0.333294375,0.355923345,0.338030707,0.347206091,0.36236303,0.341031187,0.434457429,0.359802386,0.332970835,0.350752177,0.354437835,0.363398595,0.347756165,0.353553459,0.335129161,0.343385214,0.360541785,0.33898166,0.368782927,0.325432896,0.323022992
NC_001798.2,0.358662756,0.39178836,0.345774176,0.420817132,0.347682898,0.364374524,0.37176259,0.371849959,0.387505071,0.335340999,0.353601658,0.734905632,1,0.339827931,0.31498623,0.330470888,0.371741022,0.344136152,0.356394509,0.331761442,0.347838254,0.310541442,0.32501541,0.377449962,0.362987072,0.347031963,0.365912415,0.361287177,0.360847297,0.363076683,0.361241401,0.3575011,0.340548564,0.357237383,0.342122282,0.370119601,0.363156071,0.364787175,0.365281686,0.344483124,0.343862181,0.383521494,0.358686067,0.324364159,0.377087929,0.371142304,0.338037565,0.317438748,0.35510912,0.381171929,0.353855657,0.338257524,0.338243317,0.345560026,0.397887645,0.360542671,0.365834814,0.328254151,0.361615385,0.380715807,0.347888253,0.327545324,0.356111373,0.342121783,0.365069708,0.359377302,0.337638809,0.352458437,0.43572543,0.356134917,0.36434238,0.363053564,0.344513781,0.343389612,0.35721393,0.355924171,0.369707147,0.371254922,0.336365227,0.327848873,0.359251003,0.341232956,0.335704842,0.373539254,0.325844984,0.433484369,0.361985472,0.340273669,0.364019608,0.369325229,0.341485014,0.362314915,0.348239698,0.333537731,0.322576059,0.359167426,0.32994919,0.351473923,0.314667875,0.313661926
NC_019843.3,0.354271575,0.379309669,0.398452794,0.358876776,0.388393993,0.404170804,0.363353069,0.357245416,0.362080715,0.35394101,0.38585209,0.346234015,0.339827931,1,0.371538622,0.528850227,0.367762568,0.395550972,0.386295181,0.377414362,0.385332195,0.384078573,0.489177489,0.367477083,0.375752485,0.382827364,0.37694291,0.394312323,0.371341583,0.378645066,0.378247958,0.359298051,0.403399291,0.371412954,0.367813243,0.364137617,0.387415939,0.374203822,0.372983459,0.365038945,0.378026309,0.33762128,0.39031849,0.379593571,0.362533444,0.402551268,0.367239238,0.498770586,0.376258347,0.388754502,0.38970743,0.353829844,0.384401114,0.375540551,0.354651551,0.37348518,0.337587588,0.368390583,0.389095703,0.374605834,0.379875519,0.512844465,0.36376291,0.385905202,0.365485955,0.37723434,0.427728899,0.386003089,0.366587475,0.376912691,0.392921604,0.390312524,0.384370861,0.380224427,0.373677461,0.371232444,0.3992633,0.397943851,0.388338094,0.400749883,0.377129678,0.369379624,0.394148566,0.376464914,0.370845871,0.359256867,0.373850544,0.374452578,0.402678984,0.373862281,0.380321474,0.379458125,0.418468051,0.497069957,0.372988368,0.410501417,0.383541459,0.375111327,0.372287559,0.370959512
NC_001803.1,0.399348461,0.381601496,0.43427401,0.354969211,0.381236572,0.390801887,0.380722426,0.362842575,0.348730172,0.398276532,0.388663652,0.323923887,0.31498623,0.371538622,1,0.395158884,0.360192584,0.415054858,0.379011345,0.380355499,0.388850915,0.375132365,0.381989277,0.357543788,0.377664975,0.358734505,0.375594295,0.385047037,0.391129509,0.383206227,0.363890482,0.37326132,0.437562438,0.433718593,0.40164858,0.398561069,0.38023837,0.393493735,0.401707871,0.401015532,0.359870759,0.323192944,0.383791822,0.463237582,0.401630404,0.377561681,0.400255443,0.371483421,0.39165701,0.384904087,0.399975847,0.348829248,0.401948843,0.428927451,0.368664626,0.377276937,0.35963057,0.374596123,0.368983164,0.38796006,0.390965732,0.373177639,0.404340836,0.438096568,0.412799814,0.386072556,0.365945796,0.378657365,0.34256927,0.396835806,0.394406627,0.380337783,0.388771186,0.423547698,0.42039677,0.419982489,0.368589112,0.376627197,0.401790238,0.433604213,0.381020255,0.458316137,0.433940405,0.402938947,0.392764088,0.349517167,0.401164201,0.453544155,0.381997618,0.377393018,0.37695111,0.396972852,0.386496672,0.377144045,0.461073826,0.391793594,0.382418891,0.378976603,0.364168888,0.40678097
NC_045512.2,0.369330052,0.379210291,0.394376262,0.347786905,0.409211223,0.401666667,0.401577833,0.356118891,0.338430245,0.390102625,0.36657553,0.336706099,0.330470888,0.528850227,0.395158884,1,0.373113089,0.374106614,0.370864006,0.377162398,0.374566002,0.37570067,0.497357233,0.358802704,0.399290561,0.378964271,0.393647508,0.38130517,0.362791589,0.39443248,0.393101329,0.38241462,0.404511183,0.386053358,0.372005801,0.360051065,0.368998137,0.380416258,0.35902695,0.376036484,0.383432366,0.330122686,0.371335945,0.382596925,0.379811255,0.397131176,0.365606789,0.503078251,0.367991845,0.382193618,0.381760615,0.378683802,0.407126168,0.376329383,0.380004541,0.37532694,0.36716334,0.378229028,0.377665877,0.367678126,0.370660245,0.513330022,0.37251124,0.397396631,0.399207555,0.34876529,0.423780931,0.378786838,0.368898417,0.371294627,0.404742302,0.39504543,0.393988191,0.396244212,0.380897678,0.384426832,0.389415353,0.396300578,0.385851047,0.409305765,0.380409683,0.395647585,0.391477487,0.365876867,0.364760733,0.359593443,0.368777584,0.385504812,0.400164414,0.346543674,0.384050007,0.378951896,0.414311101,0.49785831,0.378550525,0.40991266,0.375979205,0.371475823,0.387604498,0.376841171
NC_001348.1,0.370104848,0.355191698,0.365760361,0.380603594,0.369030733,0.361253055,0.338760269,0.379924287,0.362634909,0.349149318,0.371113483,0.380753138,0.371741022,0.367762568,0.360192584,0.373113089,1,0.359349593,0.390611542,0.363873662,0.371014493,0.358919372,0.361982104,0.366662383,0.385814439,0.361217026,0.36940107,0.380349415,0.360415192,0.378378378,0.368744199,0.376277345,0.35953831,0.355269494,0.341082488,0.371241951,0.369072472,0.378336517,0.361674814,0.355447965,0.387419829,0.339814406,0.356749043,0.359555338,0.368946928,0.360218598,0.34281061,0.365072858,0.374609472,0.348809359,0.373470213,0.372851986,0.355949367,0.367766117,0.383390641,0.374343257,0.384603739,0.378866331,0.381283019,0.365301427,0.361133044,0.367871129,0.360331885,0.37535636,0.370466924,0.377480004,0.360189215,0.377208724,0.368732388,0.381090355,0.362232864,0.361145362,0.371173469,0.377050539,0.357623579,0.378627968,0.357167417,0.372044406,0.391635625,0.363217775,0.378236369,0.365361764,0.356955525,0.378188085,0.375513277,0.391852448,0.385539463,0.384554377,0.36224284,0.361258375,0.36597838,0.371426498,0.370080343,0.378027698,0.367787971,0.364940481,0.411198443,0.369498465,0.384364335,0.376598849
NC_001542,0.424568966,0.358484809,0.392735528,0.365785938,0.398929391,0.375561545,0.370533446,0.412443552,0.384089182,0.414199899,0.400938735,0.36322521,0.344136152,0.395550972,0.415054858,0.374106614,0.359349593,1,0.393526405,0.391132706,0.401847757,0.372621661,0.363944102,0.402370031,0.394949495,0.372442019,0.389846443,0.396463394,0.425583756,0.383276609,0.397253788,0.391964644,0.383216582,0.412467789,0.431462231,0.426527787,0.379484785,0.424900916,0.432387658,0.423795139,0.375454755,0.383055807,0.399002494,0.412763825,0.431819697,0.366993706,0.427408031,0.385635466,0.428195438,0.42129849,0.429207175,0.389212715,0.371369295,0.381914725,0.390906885,0.399056528,0.387867226,0.392300084,0.402712264,0.425081325,0.37089682,0.379303803,0.434294024,0.39611912,0.435579551,0.424469754,0.358719836,0.400664041,0.370533999,0.395251845,0.392810243,0.398207327,0.407323304,0.393491645,0.382387607,0.378825271,0.389187817,0.394894296,0.372561359,0.385393689,0.38119431,0.423345825,0.399186372,0.430508248,0.399390958,0.369807157,0.387252156,0.406415431,0.389261745,0.397127104,0.401221209,0.387783649,0.379145822,0.384888557,0.416485052,0.359638001,0.359475143,0.379270411,0.378578853,0.36649122
NC_004291,0.388478976,0.394394035,0.377743581,0.363193224,0.383265208,0.366824441,0.348968991,0.392894462,0.398581246,0.42013449,0.439986589,0.365611193,0.356394509,0.386295181,0.379011345,0.370864006,0.390611542,0.393526405,1,0.426995457,0.422823079,0.384427032,0.354527105,0.414193144,0.442324855,0.445066064,0.43230563,0.384417671,0.393359546,0.428287732,0.424382208,0.439523973,0.388902922,0.400464618,0.394000882,0.364900016,0.429220632,0.392458101,0.403663929,0.392640167,0.383927119,0.35049065,0.429857464,0.394909898,0.390935595,0.34805293,0.403770767,0.369968553,0.38598937,0.39460096,0.388531204,0.431982232,0.386183465,0.451080051,0.421139645,0.427857936,0.427880918,0.430674979,0.429993364,0.377494082,0.41665594,0.395994887,0.388830716,0.367217378,0.378046731,0.390487116,0.348805013,0.425470795,0.37824116,0.429169022,0.431233861,0.438509874,0.392706131,0.444615933,0.441127098,0.445093597,0.374330627,0.441287879,0.418883962,0.386920981,0.441200138,0.377443488,0.393688699,0.376429637,0.425534188,0.386891005,0.416700228,0.353458469,0.438295847,0.385830541,0.419063441,0.433874194,0.379973253,0.37990817,0.399843165,0.393311956,0.396140652,0.433111345,0.384647303,0.391069924
NC_001355,0.393910711,0.398533198,0.380021104,0.387292098,0.413954771,0.396914789,0.372469636,0.392533147,0.391893258,0.426904849,0.483382369,0.339341031,0.331761442,0.377414362,0.380355499,0.377162398,0.363873662,0.391132706,0.426995457,1,0.476740556,0.36489533,0.386169386,0.416120324,0.428991981,0.433315188,0.418305364,0.380096308,0.399725939,0.42927078,0.414450577,0.424004949,0.356538877,0.376568133,0.407899104,0.397011656,0.418863262,0.409150541,0.405498848,0.412164966,0.389407423,0.35052833,0.429741336,0.366477647,0.391798651,0.393565342,0.405828658,0.366205652,0.398537918,0.394335512,0.408081305,0.419159867,0.425702811,0.429714647,0.420554084,0.429553265,0.417609294,0.584287849,0.416164659,0.392021572,0.407411835,0.367328103,0.39683159,0.367610104,0.402066773,0.399282043,0.353657759,0.485588513,0.374010353,0.431098696,0.420550195,0.423816269,0.389302454,0.423416711,0.423894375,0.42887931,0.392931062,0.431098313,0.402866517,0.385127008,0.421274843,0.371964754,0.366089513,0.399792399,0.568733451,0.369397785,0.388992755,0.385756251,0.431600089,0.396825397,0.419707317,0.434773599,0.355721074,0.396949891,0.374119417,0.392000625,0.381464915,0.418277866,0.393908556,0.359104
NC_001541,0.407851603,0.364241528,0.37100472,0.348656339,0.370770677,0.372530792,0.354715175,0.409599295,0.400081111,0.411146067,0.482665222,0.355533927,0.347838254,0.385332195,0.388850915,0.374566002,0.371014493,0.401847757,0.422823079,0.476740556,1,0.383428823,0.370448657,0.435052155,0.437649755,0.425756586,0.418535586,0.381266491,0.407577961,0.426319536,0.43549704,0.42747691,0.367606977,0.375017485,0.409321259,0.39886175,0.424044734,0.410723069,0.416321458,0.413656278,0.364742652,0.379105799,0.423375075,0.363488514,0.40036005,0.353303508,0.413795994,0.383907874,0.413281123,0.405586958,0.408434619,0.431057702,0.406420351,0.429932261,0.428585961,0.42815944,0.424535916,0.490053603,0.432302826,0.398318105,0.397595986,0.389144639,0.410199025,0.377066259,0.400298203,0.410975913,0.378382268,0.464289353,0.385205232,0.421435897,0.421705426,0.427187436,0.387540453,0.419837537,0.415631305,0.427381344,0.386041935,0.428043902,0.37047619,0.361205574,0.422054823,0.368559305,0.400610902,0.401332487,0.476815672,0.361541627,0.404944376,0.354728201,0.427941825,0.404890558,0.423114403,0.427406199,0.354419192,0.362720073,0.385923754,0.377616919,0.368335147,0.420040378,0.379170293,0.372941511
NC_003663,0.364560605,0.383110556,0.379344617,0.360591603,0.39246779,0.386476707,0.396900397,0.35404157,0.376738526,0.373464951,0.370942704,0.317887877,0.310541442,0.384078573,0.375132365,0.37570067,0.358919372,0.372621661,0.384427032,0.36489533,0.383428823,1,0.377807317,0.361112992,0.381646717,0.38812747,0.380985427,0.387022398,0.383866557,0.353299212,0.340665647,0.378451178,0.368930711,0.361348784,0.370976849,0.373592835,0.379978471,0.378466558,0.368415716,0.392318475,0.426908949,0.323243368,0.381460633,0.374966325,0.371580137,0.362929039,0.35429215,0.367311717,0.389743027,0.370054222,0.378616086,0.381098039,0.402621723,0.381564287,0.372078815,0.360211217,0.369264869,0.385601986,0.391802243,0.380611819,0.385526459,0.394600729,0.382379428,0.386841062,0.378422538,0.371609894,0.375037484,0.379995726,0.379737668,0.358493179,0.382688794,0.400757515,0.385748094,0.372329442,0.365210547,0.413021824,0.344682301,0.378281623,0.410247412,0.376863681,0.39744,0.394062906,0.385797128,0.378295936,0.390235107,0.394077529,0.397057106,0.3814836,0.387273819,0.357344806,0.396051362,0.366794559,0.372443416,0.371734811,0.380079219,0.365929891,0.407263783,0.378058862,0.864962142,0.826952472
NC_002645,0.371556147,0.380257719,0.409136412,0.355754354,0.357659286,0.39162503,0.360383802,0.361647072,0.367654201,0.367181709,0.395228135,0.33092565,0.32501541,0.489177489,0.381989277,0.497357233,0.361982104,0.363944102,0.354527105,0.386169386,0.370448657,0.377807317,1,0.384503667,0.375060449,0.386922818,0.391574421,0.374863898,0.351405992,0.371216531,0.360180368,0.383403442,0.414473012,0.371169646,0.38654267,0.381888771,0.378569259,0.370968566,0.370796191,0.37698892,0.382033524,0.330931607,0.378661535,0.390038738,0.361590572,0.385827146,0.380466553,0.654120898,0.364779569,0.375259336,0.394701987,0.385476154,0.369668246,0.37115255,0.356146001,0.371586663,0.353837816,0.369553942,0.374944633,0.376483115,0.389487152,0.493593724,0.382133873,0.404300495,0.36739171,0.362176191,0.418249516,0.369469616,0.359347415,0.366518434,0.391620553,0.370359629,0.366682975,0.377644458,0.387698745,0.386287489,0.385178519,0.377739929,0.380243787,0.414281876,0.372014898,0.387637985,0.407396078,0.364226958,0.386927823,0.351276348,0.396486393,0.392932742,0.374668435,0.35909422,0.369938409,0.373339048,0.404364475,0.554130878,0.383241511,0.400441298,0.388754054,0.361459877,0.390085221,0.383848173
NC_039210,0.403367159,0.374448195,0.375585238,0.380506156,0.380571705,0.378995434,0.398882682,0.426455026,0.422634658,0.4084904,0.411063233,0.379117464,0.377449962,0.367477083,0.357543788,0.358802704,0.366662383,0.402370031,0.414193144,0.416120324,0.435052155,0.361112992,0.384503667,1,0.412446015,0.409340956,0.413716814,0.393155117,0.416431281,0.426367461,0.43079533,0.416842528,0.359134334,0.375424802,0.412722139,0.405648568,0.411670182,0.411774194,0.418697496,0.412034009,0.352404747,0.416376003,0.437463357,0.387294298,0.412351063,0.361684558,0.407103145,0.364330856,0.409352518,0.416060185,0.415473479,0.435760387,0.339485187,0.40513754,0.424344718,0.427091633,0.426797775,0.40343636,0.442218174,0.412051222,0.382770769,0.363326426,0.409694037,0.383848086,0.413086953,0.417727678,0.392320892,0.416834629,0.390646101,0.428541946,0.418661756,0.436009337,0.335491071,0.397688577,0.41495228,0.403253796,0.379389987,0.433828733,0.370748299,0.366554509,0.421486751,0.361572462,0.348949426,0.40899992,0.408820373,0.39318686,0.378513939,0.371862432,0.428859964,0.40885997,0.439273991,0.423269094,0.358990262,0.366630815,0.363355912,0.372238514,0.376262455,0.413023159,0.385223083,0.362399125
NC_001489,0.37964333,0.358764318,0.376455369,0.34888919,0.378309336,0.386471145,0.407384988,0.398807886,0.395055289,0.414779057,0.44677901,0.354412002,0.362987072,0.375752485,0.377664975,0.399290561,0.385814439,0.394949495,0.442324855,0.428991981,0.437649755,0.381646717,0.375060449,0.412446015,1,0.445173923,0.437452861,0.413159346,0.398743192,0.43966433,0.439848037,0.444111028,0.404532533,0.403665098,0.402890999,0.389497423,0.430231319,0.408216104,0.405121746,0.408833619,0.377013281,0.333051992,0.447787428,0.413125204,0.401877855,0.365857337,0.402319588,0.394031669,0.39659825,0.402608621,0.409954599,0.439295939,0.385853939,0.438158323,0.416382957,0.427173347,0.429361436,0.433625612,0.436105263,0.37750846,0.426830816,0.400802531,0.397033231,0.392236822,0.382118944,0.399305261,0.354732233,0.416774066,0.363700565,0.446951872,0.442204011,0.45383378,0.397153598,0.445552319,0.437284746,0.449614137,0.387553157,0.454166667,0.4008358,0.372489606,0.450965502,0.395282729,0.373121573,0.388169909,0.434352701,0.353622563,0.408163265,0.36332132,0.440905955,0.39193057,0.443316756,0.456486748,0.367486918,0.396052333,0.387782502,0.354612822,0.368650519,0.428176796,0.377718947,0.377631006
NC_005222,0.378235695,0.387378466,0.384797297,0.360966482,0.347159787,0.39031272,0.389467808,0.378609228,0.390777778,0.425965339,0.453887677,0.364851773,0.347031963,0.382827364,0.358734505,0.378964271,0.361217026,0.372442019,0.445066064,0.433315188,0.425756586,0.38812747,0.386922818,0.409340956,0.445173923,1,0.424031443,0.377041383,0.388118458,0.423991031,0.416364635,0.44004147,0.387794941,0.39722494,0.381137285,0.361394145,0.434061535,0.387222026,0.395353026,0.404595125,0.39197342,0.326835781,0.428148959,0.38774145,0.384461458,0.370525581,0.40634368,0.394971189,0.382446526,0.388202765,0.399179581,0.430318125,0.412286257,0.454227405,0.420987654,0.417055815,0.407069059,0.432359013,0.437004709,0.39135255,0.421998942,0.390654048,0.371647826,0.368879636,0.367545076,0.374699209,0.35479988,0.420592624,0.368085106,0.442473799,0.446034108,0.435132683,0.402064732,0.665716322,0.441123298,0.663559444,0.375553195,0.436992786,0.398867044,0.398042129,0.436000923,0.379151886,0.392366031,0.381063959,0.431217801,0.387585533,0.427572975,0.408776402,0.459692308,0.383092303,0.427281522,0.458400553,0.35776987,0.400612999,0.369161421,0.383064871,0.390073341,0.434399905,0.384280573,0.380075886
NC_006574,0.383566067,0.376544614,0.399967601,0.363894553,0.37895245,0.395741557,0.384698665,0.404731574,0.399233472,0.41638322,0.431152448,0.371125193,0.365912415,0.37694291,0.375594295,0.393647508,0.36940107,0.389846443,0.43230563,0.418305364,0.418535586,0.380985427,0.391574421,0.413716814,0.437452861,0.424031443,1,0.382514519,0.39474345,0.426381348,0.434195127,0.427650273,0.392345621,0.397642531,0.39225,0.386029113,0.526891844,0.401148625,0.404833063,0.402333621,0.376504681,0.364490082,0.430322716,0.386307087,0.397042854,0.388893406,0.403879762,0.378070974,0.388275693,0.380780584,0.409122563,0.428132613,0.422024188,0.42841542,0.421675293,0.423929256,0.430004223,0.419720323,0.423762794,0.384521085,0.421978833,0.378295052,0.399067401,0.396,0.390516265,0.381302088,0.374472892,0.427156418,0.354698972,0.431292371,0.498346825,0.433184143,0.375438596,0.427059883,0.422083007,0.430656109,0.398239641,0.436567164,0.383338921,0.377469619,0.430361813,0.390226957,0.377907838,0.379983987,0.426820476,0.362664659,0.414497192,0.383424478,0.427957476,0.409514837,0.427842937,0.433782627,0.360965595,0.378489634,0.397489879,0.395404778,0.371275895,0.428896215,0.383278463,0.381999391
NC_006447,0.408686171,0.356172563,0.363120361,0.387656868,0.411566536,0.412824011,0.431959751,0.36357996,0.347130903,0.347649123,0.378395654,0.382053149,0.361287177,0.394312323,0.385047037,0.38130517,0.380349415,0.396463394,0.384417671,0.380096308,0.381266491,0.387022398,0.374863898,0.393155117,0.413159346,0.377041383,0.382514519,1,0.392086942,0.37531407,0.390070922,0.360160071,0.366299822,0.377370417,0.365450484,0.378313253,0.362134503,0.365199035,0.379332273,0.35838319,0.395277207,0.363393899,0.395099541,0.351751429,0.366110359,0.374371859,0.375757576,0.374577832,0.388133093,0.374859166,0.389116538,0.374478603,0.34191355,0.380328413,0.401313515,0.385780118,0.397199575,0.377304055,0.343337502,0.376557377,0.411619518,0.389937107,0.393089292,0.361507281,0.374007454,0.377838184,0.388092061,0.386184211,0.378582202,0.37081927,0.361942488,0.394272394,0.389470705,0.374841772,0.3833966,0.369245078,0.38484252,0.350662021,0.435903445,0.392760487,0.384014623,0.375531412,0.395576132,0.369785082,0.365494439,0.373886742,0.399784676,0.389080177,0.378113325,0.40772929,0.358805446,0.38061127,0.356190476,0.377269881,0.368165985,0.355311355,0.378050778,0.373694873,0.401875651,0.388496302
NC_009942,0.436183395,0.374443014,0.383385417,0.38279846,0.364742314,0.376566125,0.369055824,0.41651799,0.385573172,0.423455272,0.396690744,0.377072477,0.360847297,0.371341583,0.391129509,0.362791589,0.360415192,0.425583756,0.393359546,0.399725939,0.407577961,0.383866557,0.351405992,0.416431281,0.398743192,0.388118458,0.39474345,0.392086942,1,0.404059197,0.410416488,0.399793299,0.375111065,0.406602757,0.559200451,0.426141022,0.389935011,0.563200774,0.55815819,0.562636298,0.357119322,0.404135478,0.42063559,0.393920129,0.433443036,0.36579836,0.42741816,0.378750882,0.699731439,0.514414277,0.532951963,0.405692438,0.361155698,0.38994461,0.410209511,0.404594388,0.409187399,0.396293599,0.399065267,0.439036382,0.385752095,0.373287324,0.42889499,0.386954467,0.431328982,0.511321909,0.387056236,0.40885804,0.3648341,0.395954488,0.381715594,0.408275862,0.394214407,0.386760812,0.3857093,0.389717177,0.359932008,0.403486395,0.368106097,0.374081258,0.391527599,0.394834369,0.384711453,0.429685868,0.394692536,0.392892184,0.387393768,0.391398929,0.389763083,0.396498143,0.404794247,0.395435685,0.38064223,0.365363128,0.396928698,0.369274856,0.371716129,0.387347392,0.37890625,0.375349549
NC_038307,0.397192066,0.346747019,0.382419234,0.36575762,0.404361534,0.39453125,0.380461377,0.410699663,0.412845975,0.421952824,0.421074771,0.359153344,0.363076683,0.378645066,0.383206227,0.39443248,0.378378378,0.383276609,0.428287732,0.42927078,0.426319536,0.353299212,0.371216531,0.426367461,0.43966433,0.423991031,0.426381348,0.37531407,0.404059197,1,0.60829381,0.539712919,0.371834511,0.363859865,0.402138501,0.4052271,0.428617536,0.404519869,0.407886943,0.411604791,0.377666057,0.386443662,0.530285972,0.403495311,0.392463676,0.370850082,0.406561319,0.372923215,0.399508801,0.397504005,0.414054426,0.604586265,0.377104377,0.435116177,0.43456712,0.426884555,0.426166476,0.427523683,0.807625418,0.397318858,0.407215221,0.360114878,0.399852905,0.381762918,0.400875961,0.40615749,0.387643899,0.426831743,0.379513968,0.554245564,0.42548205,0.602766556,0.371177945,0.424336973,0.427856269,0.430919941,0.38004972,0.606785453,0.362203471,0.401061658,0.543966547,0.38916027,0.382724558,0.39986911,0.438587298,0.373681332,0.402426694,0.367919033,0.42840999,0.400593747,0.44645799,0.449811727,0.374243419,0.387635626,0.382484632,0.370810106,0.379821498,0.434229611,0.38116352,0.383107793
NC_002058,0.395612343,0.376042684,0.39139902,0.359994436,0.404375804,0.384774609,0.383824298,0.406224628,0.415639609,0.419754236,0.42864638,0.376369014,0.361241401,0.378247958,0.363890482,0.393101329,0.368744199,0.397253788,0.424382208,0.414450577,0.43549704,0.340665647,0.360180368,0.43079533,0.439848037,0.416364635,0.434195127,0.390070922,0.410416488,0.60829381,1,0.539325843,0.387406456,0.370853764,0.414343661,0.401281305,0.420552859,0.417985232,0.406606304,0.406544836,0.368424861,0.379219641,0.519354839,0.389818412,0.399589322,0.372389618,0.409670746,0.371219476,0.413274034,0.396144899,0.413454921,0.585041352,0.394736842,0.435406175,0.422072539,0.416726972,0.429135905,0.428179323,0.610886355,0.397319961,0.39759904,0.353321096,0.396496561,0.374071377,0.399756296,0.403565506,0.370484078,0.426042726,0.365589826,0.559227007,0.430321756,0.592525618,0.379473161,0.429603289,0.428112539,0.425732682,0.39061257,0.607643928,0.396704465,0.397456536,0.544293318,0.379634426,0.373704895,0.396346884,0.423014257,0.397722444,0.399557957,0.370715162,0.427443906,0.412274913,0.444104447,0.442311771,0.346629986,0.373705702,0.374107077,0.383816463,0.365262179,0.425151016,0.376371371,0.379113449
NC_001617,0.379541109,0.396213484,0.376379024,0.3656859,0.383558341,0.375817731,0.360380241,0.401126813,0.386046023,0.421452302,0.432587307,0.347498175,0.3575011,0.359298051,0.37326132,0.38241462,0.376277345,0.391964644,0.439523973,0.424004949,0.42747691,0.378451178,0.383403442,0.416842528,0.444111028,0.44004147,0.427650273,0.360160071,0.399793299,0.539712919,0.539325843,1,0.389845162,0.401101228,0.403717537,0.373740554,0.431378936,0.402819825,0.401657553,0.415867559,0.385314739,0.349266753,0.514343571,0.400246103,0.378126257,0.338586884,0.406591454,0.380097383,0.3972508,0.389738822,0.399431965,0.529218493,0.351824088,0.448531893,0.420734295,0.422651934,0.418899121,0.438191689,0.547053862,0.37354303,0.415230961,0.384733058,0.391961043,0.374685604,0.385690924,0.388297426,0.364084818,0.420906853,0.377169955,0.579050897,0.438968167,0.553818616,0.386405713,0.438051576,0.437485766,0.433473469,0.399504162,0.551563619,0.388750622,0.366157614,0.715925976,0.39390839,0.371569983,0.395845902,0.421878225,0.388487942,0.404611895,0.365497076,0.433107876,0.399510035,0.442937034,0.449945474,0.350998411,0.374408983,0.389252742,0.34786815,0.380569539,0.436011905,0.371501644,0.382386668
